# Galaxy      OtherID                RA              DEC      Type       D       e1     Method   A_V     MV_T      e2     M_K      e3        N_GC     e4   Source      sig_e    e5      R_e    e6    M_d     e6      M_G    e8      M_B     el      eu

MilkyWay         nid                 -9999    -9999       Sbc    -9999    -9999    geometry     0.000  -21.300   0.300   -9999    -9999    160.0    10.0   44         105.00   20.00    0.70    0.10    9.856    0.116    7.66    0.03    6.61    0.04    0.04
WLM            DDO-221            0.0328381  -15.4609285  Irr      1.00    0.10   TRGB/Cepheid  0.088  -14.840   0.200   -9999   -9999      1.0     0.0   50           -9999      -9999      -9999      -9999      -9999       -9999       5.14    0.00    -9999      -9999      -9999  
NGC7814          nid              0.0541441   16.1455476  Sab     13.18    0.88   SBF           0.147  -20.180   0.280 -23.531   0.103     150.0    40.0   39/85      169.20    7.20    2.84    0.19   10.879    0.037    7.57    0.10    -9999      -9999      -9999  
NGC55          nid                0.2482245  -39.1965824  SBm      2.09    0.08   TRGB/Cepheid  0.036  -18.770   0.200 -20.356   0.111      36.0    15.0   75           -9999      -9999      2.31    0.09    -9999       -9999       6.87    0.15    -9999      -9999      -9999  
NGC147          nid               0.5533300   48.5086000  E5       0.76    0.10   TRGB/SBF      0.475  -15.460   0.300 -17.254   0.118      10.0     2.0   91/97a      22.00    5.00    0.57    0.08    8.408    0.130    6.16    0.11    -9999      -9999      -9999  
NGC185          nid               0.6493737   48.3373957  E3       0.63    0.01   TRGB/SBF      0.500  -15.400   0.200 -17.489   0.112       8.0     1.0   30/97a      19.90    2.40    0.35    0.04    8.105    0.069    6.07    0.05    -9999      -9999      -9999  
NGC205         M110               0.6728045   41.6853789  E5       0.80    0.04   TRGB          0.170  -16.660   0.200 -18.947   0.110      11.0     3.0   30          31.20    4.70    0.66    0.03    8.775    0.086    6.26    0.10    0.00    4.58    0.00
NGC221         M32                0.7116069   40.8651653  E2       0.76    0.07   SBF/TRGB      0.170  -16.540   0.210 -19.327   0.101       0.0     1.0   97          75.00    3.00    0.13    0.01    8.843    0.039    6.26    0.10    6.46    0.08    0.10
NGC224         M31                0.7123157   41.2688834  Sb       0.77    0.02   TRGB/Cepheid  0.170  -21.800   0.200 -23.467   0.101     450.0   100.0   76         160.00    8.00    4.66    0.12   11.046    0.032    8.14    0.09    8.18    0.20    0.10
NGC247          nid               0.7857145  -20.7604499  SABc     3.72    0.20   TRGB/Cepheid  0.050  -18.800   0.200 -20.428   0.118      60.0    30.0   75           -9999      -9999      3.64    0.20    -9999       -9999       7.09    0.18    -9999      -9999      -9999  
NGC253          nid               0.7925311  -25.2884419  SABc     3.54    0.20   TRGB          0.051  -21.010   0.200 -23.979   0.101      90.0    40.0   8/75       102.60   18.80    3.80    0.20   10.571    0.102    7.39    0.16    7.00    0.30    0.30
SMC            NGC292             0.8772200  -72.8002010  Irr      0.06    0.00   Cepheids/RRL  0.101  -16.820   0.200   -9999  -9999       1.0     1.0   37           -9999      -9999      -9999      -9999      -9999       -9999       5.22    0.30    -9999      -9999      -9999  
NGC300          nid               0.9148683  -37.6844766  Scd      1.98    0.04   TRGB/Cepheid  0.035  -18.400   0.200 -20.108   0.116      70.0    30.0   75           -9999      -9999      2.43    0.05    -9999       -9999       7.14    0.15    -9999      -9999      -9999  
UGC-685        nid                1.1228987   16.6840215  Im       4.70    0.50   TRGB          0.156  -14.350   0.200   -9999   -9999      5.0     2.0   37           -9999      -9999      0.55    0.05    -9999       -9999       5.83    0.15    -9999      -9999      -9999  
NGC406          nid               1.1235073  -69.8774177  SBc     20.60    1.40   Hubble        0.065  -19.140   0.250 -21.394   0.106      85.0    24.0   22           -9999      -9999      2.44    0.17    -9999       -9999       7.26    0.11    -9999      -9999      -9999  
NGC474          nid               1.3351857    3.4153385  S0      29.51    1.53   SBF           0.094  -20.970   0.200 -23.805   0.107     609.0    94.0   61/92      163.40    5.40    4.82    0.25   11.078    0.029    8.22    0.06    -9999      -9999      -9999  
NGC524          nid               1.4132500    9.5387778  S0-a    23.13    1.20   SBF           0.226  -21.850   0.200 -24.682   0.101    3300.0  1000.0   45/61      253.50    7.80    5.58    0.29   11.524    0.028    9.01    0.11    -9999      -9999      -9999  
NGC541          nid               1.4289779   -1.3794906  S0      73.10    5.10   Hubble        0.149  -22.390   0.220 -25.041   0.105    1620.0   450.0   53         219.80    4.00   12.78    0.89   11.759    0.031    8.73    0.11    0.00    8.93    0.00
NGC584          nid               1.5224182   -6.8680509  E4      20.14    1.94   SBF           0.140  -21.180   0.340 -24.231   0.103     500.0   200.0   60         205.90    4.20    2.44    0.23   10.983    0.041    8.15    0.15    -9999      -9999      -9999  
NGC598         M33                1.5641414   30.6599252  Scd      0.82    0.04   TRGB/Cepheid  0.139  -19.000   0.200 -20.482   0.109      50.0    20.0   15-64       37.20   16.30    3.22    0.16    9.618    0.210    7.03    0.15    0.00    3.48    0.00
PGC-6240        nid               1.6919139  -65.6159851  S0     113.00   18.10   Hubble        0.056  -21.400   0.200 -24.654   0.106     210.0    20.0   66         249.10   46.50    -9999      -9999      -9999       -9999       7.78    0.04    -9999      -9999      -9999  
UGC-1281        nid               1.8256556   32.5862222  Sdm      5.13    0.50   TRGB          0.128  -15.300   0.200 -15.553   0.146       2.0     2.0   37           -9999      -9999      -9999      -9999      -9999       -9999       5.46    0.30    -9999      -9999      -9999  
NGC708         A262-BCG           1.8795946   36.1519464  E       47.07    2.86   SBF           0.241  -22.130   0.200 -24.816   0.103    4700.0  1000.0   7/74       229.80    9.70   17.60    1.07   11.937    0.036    9.18    0.08    -9999      -9999      -9999  
NGC720          nid               1.8834808  -13.7385764  E       27.67    2.25   SBF           0.054  -22.080   0.230 -24.945   0.103     660.0   190.0   57         241.10    6.70    4.84    0.39   11.418    0.037    8.32    0.11    -9999      -9999      -9999  
NGC784          nid               2.0213931   28.8372361  SBdm     5.45    0.50   TRGB          0.162  -16.870   0.200 -18.413   0.123       6.0     2.0   37           -9999      -9999      -9999      -9999      -9999       -9999       6.00    0.12    -9999      -9999      -9999  
NGC821          nid               2.1391988   10.9950077  E6      23.38    1.24   SBF           0.364  -21.530   0.200 -23.984   0.102     320.0    45.0   93         209.00   10.00    5.64    0.30   11.361    0.036    7.97    0.06    8.23    0.16    0.25
NGC891          nid               2.3759783   42.3471230  Sb       8.36    0.56   SBF           0.178  -21.400   0.200 -23.692   0.101      70.0    20.0   83          73.10   10.20    5.43    0.36   10.431    0.082    7.31    0.11    -9999      -9999      -9999  
NGC910         A347-1             2.4241190   41.8243920  E       71.40    5.00   Hubble        0.190  -22.290   0.220 -25.088   0.104    4245.0  1100.0   7          249.20    8.00    9.26    0.65   11.728    0.035    9.14    0.10    -9999      -9999      -9999  
Fornax-dE        nid              2.6664722  -34.4491667  dE       0.14    0.00   TRGB/RRLyr    0.055  -13.000   0.200  999999   99999       5.0     0.0   31          10.40    0.70    0.49    0.07    7.693    0.069    5.80    0.00    -9999      -9999      -9999  
NGC1023          nid              2.6733293   39.0632533  SB0     11.43    1.00   SBF           0.201  -21.140   0.200 -24.074   0.102     490.0    30.0   100a       209.00   10.00    2.19    0.15   10.950    0.040    8.14    0.03    7.64    0.04    0.04
NGC1052          nid              2.6846621   -8.2558045  E4      19.35    1.06   SBF           0.088  -21.050   0.200 -23.992   0.101     400.0    45.0   33         206.90    4.00    3.16    0.17   11.100    0.026    8.04    0.05    0.00    8.53    0.00
NGC1055          nid              2.6958209    0.4431773  Sb      19.00    4.00   TF            0.109  -21.300   0.200 -24.255   0.104     210.0    40.0   100a        80.00   15.00    -9999      -9999      -9999       -9999       7.78    0.08    -9999      -9999      -9999  
NGC1132          nid              2.8810505   -1.2746379  E       96.09    4.80   Hubble        0.209  -22.760   0.200 -25.674   0.105    3613.0   295.0   1b         246.00    8.70   15.68    1.00   11.946    0.036    9.10    0.03    -9999      -9999      -9999  
UGC-2413       A397-1             2.9413222   15.9161389  E      145.20   10.20   Hubble        0.387  -22.450   0.200 -25.753   0.107    3020.0   840.0   7          289.00   11.00    -9999      -9999      -9999       -9999       9.01    0.11    -9999      -9999      -9999  
ESO-154-023        nid            2.9472711  -54.5706416  Sbsm     5.90    0.50   TRGB          0.046  -16.380   0.300   -9999   -9999     3.0     1.0   37           -9999      -9999      1.67    0.20    -9999       -9999       5.68    0.12    -9999      -9999      -9999  
NGC1172          nid              3.0266750  -14.8366111  E       21.48    2.07   SBF           0.211  -20.010   0.280 -22.468   0.105     365.0    25.0   18         112.40    4.40    4.02    0.39   10.674    0.046    7.94    0.03    -9999      -9999      -9999  
NGC1201          nid              3.0688995  -26.0696616  S0      20.23    3.00   SBF           0.053  -20.860   0.360 -23.860   0.102     230.0    80.0   61         166.60    4.20    2.51    0.37   10.812    0.061    7.79    0.13    -9999      -9999      -9999  
NGC1313          nid              3.3043271  -66.4975862  SBcd     4.16    0.08   TRGB          0.299  -19.750   0.240 -20.560   0.115       7.0     4.0   70           -9999      -9999      1.71    0.12    -9999       -9999       6.21    0.20    -9999      -9999      -9999  
NGC1275        PerseusA           3.3300725   41.5115451  Ep      72.90    3.65   Hubble        0.446  -22.690   0.200 -26.236   0.107    7800.0  2500.0   43a/55a    258.90   13.40    5.96    0.60   11.570    0.051    9.43    0.12    -9999      -9999      -9999  
NGC1311          nid              3.3352771  -52.1858237  SBm      5.45    0.50   TRGB          0.058  -15.760   0.200 -17.767   0.145       5.0     2.0   37           -9999      -9999      0.56    0.10    -9999       -9999       5.88    0.15    -9999      -9999      -9999  
NGC1316        FCC-21/ForA        3.3782565  -37.2082112  S0      21.09    0.30   SBF           0.069  -23.160   0.200 -26.041   0.102    1000.0   500.0   38/98      227.70    3.10   10.19    0.14   11.692    0.010    8.57    0.18    8.24    0.17    0.23
ESO-357-G25    FCC-26             3.3936816  -35.7783680  SB0     19.85    1.31   SBF           0.043  -17.400   0.200 -18.750   0.193      22.0     7.0   55           -9999      -9999      0.74    0.05    -9999       -9999       6.59    0.12    -9999      -9999      -9999  
ESO-358-G01    FCC-43             3.4339560  -32.8944454  dS0     19.23    1.42   SBF           0.039  -18.600   0.200 -20.660   0.124      37.0    15.0   55          52.90    4.60    1.81    0.13    9.674    0.058    6.87    0.15    -9999      -9999      -9999  
IC1919         FCC-43             3.4339560  -32.8944454  E/S0    19.23    1.42   SBF           0.039  -18.310   0.200 -20.660   0.124      21.0    10.0   61          52.90    4.60    1.81    0.13    9.674    0.058    6.61    0.17    -9999      -9999      -9999  
NGC1332          nid              3.4381105  -21.3352765  S0      22.91    0.20   SBF           0.108  -21.620   0.200 -24.760   0.102    1000.0   500.0   61         320.90   13.70    2.75    0.02   11.420    0.026    8.47    0.18    9.17    0.06    0.06
NGC1336        FCC-47             3.4422764  -35.7136610  E4      18.74    0.28   SBF           0.037  -19.140   0.200 -21.562   0.114     276.0   100.0   55         101.20    3.90    2.32    0.04   10.344    0.024    7.78    0.13    -9999      -9999      -9999  
ESO-358-G06    FCC-55             3.4550066  -34.5263921  S0      19.18    1.13   SBF           0.027  -18.430   0.200 -20.795   0.114      37.0    15.0   55          45.80    1.20    1.20    0.07    9.369    0.029    6.87    0.15    -9999      -9999      -9999  
NGC1339        FCC-63             3.4684949  -32.2860655  E4      20.38    0.85   SBF           0.044  -20.010   0.200 -22.858   0.102     231.0    80.0   55         161.20    3.20    1.46    0.06   10.549    0.021    7.74    0.13    -9999      -9999      -9999  
NGC1344        NGC1340            3.4721166  -31.0681243  E5      20.03    1.06   SBF           0.059  -21.180   0.200 -24.116   0.104     280.0   100.0   55         166.00    3.90    2.92    0.15   10.874    0.026    7.90    0.13    -9999      -9999      -9999  
NGC1345          nid              3.4921314  -17.7783902  Sc      19.90    1.40   Hubble        0.125  -17.870   0.220 -20.371   0.131      16.0     8.0   22           -9999      -9999      1.77    0.12    -9999       -9999       6.47    0.18    -9999      -9999      -9999  
NGC1351        FCC-83             3.5097147  -34.8540184  E5      31.57    0.08   SBF           0.046  -20.960   0.200 -23.713   0.104     274.0    90.0   55         140.20    3.00    3.70    0.01   10.830    0.013    7.87    0.12    -9999      -9999      -9999  
FCC-90        nid                 3.5189591  -36.2900654  E4      19.45    1.81   SBF           0.033  -17.770   0.200 -19.621   0.156      21.0     7.0   55           -9999      -9999      0.99    0.09    -9999       -9999       6.59    0.12    -9999      -9999      -9999  
FCC-95        nid                 3.5235552  -35.3310775  dSB0    19.73    0.67   SBF           0.041  -17.880   0.200 -20.015   0.152      21.0     7.0   55           -9999      -9999      -9999      -9999      -9999       -9999       6.59    0.12    -9999      -9999      -9999  
FCC-106        nid                3.5465802  -34.2386871  dS0     19.89    0.63   SBF           0.029  -17.490   0.200 -19.478   0.139      15.0     5.0   55           -9999      -9999      -9999      -9999      -9999       -9999       6.43    0.12    -9999      -9999      -9999  
IC1959          nid               3.5535083  -50.4142708  SBsm     6.40    0.30   TRGB          0.030  -16.810   0.200 -17.997   0.113       7.0     3.0   37           -9999      -9999      0.70    0.07    -9999       -9999       6.07    0.15    -9999      -9999      -9999  
FCC-136        nid                3.5748634  -35.5464872  dE2     19.68    1.04   SBF           0.044  -17.870   0.200 -19.675   0.147      25.0     8.0   55         112.40   22.50    2.23    0.12   10.418    0.110    6.67    0.12    -9999      -9999      -9999  
NGC1374        FCC-147            3.5879390  -35.2263303  E       19.64    0.09   SBF           0.046  -20.430   0.200 -23.309   0.102     360.0    19.0   4          186.40    3.90    2.37    0.01   10.883    0.013    7.96    0.02    -9999      -9999      -9999  
NGC1375        FCC-148            3.5880059  -35.2656207  S0      20.02    0.98   SBF           0.048  -19.160   0.200 -21.905   0.105      86.0    30.0   55/61       66.10    1.70    1.65    0.08    9.826    0.026    7.27    0.13    -9999      -9999      -9999  
FCC-150        nid                3.5900282  -36.3638852  dE4     18.30    2.00   SBF           0.038  -16.470   0.200 -18.283   0.175       9.9     5.3   67          63.00    3.00    -9999      -9999      -9999       -9999       6.20    0.19    -9999      -9999      -9999  
ESO-358-G26    FCC-153            3.5919271  -34.4470832  S0      20.78    0.69   SBF           0.039  -19.550   0.200 -22.438   0.103      60.0    20.0   55          64.40    4.40    1.25    0.04    9.684    0.042    7.13    0.12    -9999      -9999      -9999  
ESO-358-G25    FCC-152            3.5925335  -32.4649084  S0-a    18.00    0.45   SBF           0.028  -18.490   0.200 -20.684   0.120      16.0     5.0   55          56.90    2.80    1.43    0.04    9.634    0.031    6.51    0.12    -9999      -9999      -9999  
NGC1379          nid              3.6010630  -35.4411586  E       20.04    1.43   SBF           0.040  -20.640   0.200 -23.276   0.103     225.0    23.0   4          120.10    2.30    2.78    0.20   10.572    0.032    7.77    0.04    -9999      -9999      -9999  
NGC1380        FCC-167            3.6076629  -34.9761257  S0-a    18.86    1.85   SBF           0.058  -21.510   0.240 -24.515   0.102     424.0   100.0   55/58      218.50    4.80    3.39    0.33   11.178    0.042    8.10    0.09    -9999      -9999      -9999  
NGC1381        FCC-170            3.6088084  -35.2952129  S0      18.78    1.76   SBF           0.045  -19.910   0.230 -22.950   0.101      71.0    25.0   55         151.20    2.50    1.13    0.11   10.380    0.042    7.23    0.13    -9999      -9999      -9999  
NGC1380A       FCC-177            3.6131885  -34.7396157  S0      16.89    1.81   SBF           0.049  -18.780   0.270 -21.569   0.106      70.0    25.0   55          54.40    3.70    1.46    0.16    9.605    0.059    7.16    0.13    -9999      -9999      -9999  
FCC-182        nid                3.6150796  -35.3746381  SB0     19.57    0.79   SBF           0.036  -17.570   0.200 -19.855   0.125      59.0    20.0   55          61.60    3.20    1.24    0.05    9.642    0.035    7.03    0.13    -9999      -9999      -9999  
NGC1387        FCC-184            3.6158538  -35.5066275  E/S0    19.82    0.70   SBF           0.042  -20.840   0.200 -24.065   0.102     390.0    27.0   4          170.20   11.80    2.20    0.08   10.774    0.043    8.02    0.03    -9999      -9999      -9999  
NGC1380B       FCC-190            3.6191619  -35.1951049  SB0     22.02    1.14   SBF           0.057  -18.850   0.200 -21.676   0.109     156.0    50.0   55          78.10    2.90    1.63    0.08    9.966    0.031    7.51    0.12    -9999      -9999      -9999  
NGC1389        FCC-193            3.6199172  -35.7460236  SB0     20.87    1.53   SBF           0.035  -20.130   0.210 -22.969   0.102      48.0    16.0   55/61      135.10    6.20    1.52    0.11   10.411    0.040    7.07    0.12    -9999      -9999      -9999  
ESO-358-G42    FCC-203            3.6358844  -34.5185751  dE6     20.69    0.80   SBF           0.032  -16.930   0.200 -18.587   0.231      30.0    10.0   55           -9999      -9999      1.69    0.06    -9999       -9999       6.70    0.12    -9999      -9999      -9999  
ESO-358-G43    FCC-204            3.6371175  -33.1272534  dS0     21.08    0.74   SBF           0.029  -17.360   0.200 -19.778   0.151      17.0     6.0   55          67.00    4.00    1.26    0.04    9.722    0.038    6.48    0.13    -9999      -9999      -9999  
NGC1399        FCC-213            3.6414080  -35.4506257  E1      20.68    0.50   SBF           0.043  -22.030   0.200 -25.276   0.104    6000.0   700.0   3/93       337.00   16.00    9.70    0.23   12.011    0.030    9.28    0.05    8.69    0.06    0.07
NGC1404        FCC-219            3.6477546  -35.5942446  E1      20.43    0.40   SBF           0.038  -21.590   0.200 -24.735   0.102     770.0   140.0   29/41/87   234.40    4.20    2.78    0.05   11.153    0.014    8.36    0.07    -9999      -9999      -9999  
NGC1400          nid              3.6585692  -18.6881481  S0      26.42    4.34   SBF           0.214  -21.360   0.200 -24.322   0.102    2960.0   958.0   79         251.50    4.40    3.47    0.57   11.310    0.067    8.93    0.12    -9999      -9999      -9999  
NGC1427A          nid             3.6692548  -35.6245057  Ibsm    16.00    2.00   TRGB          0.033  -18.500   0.200 -17.151   0.279      38.0    15.0   37           -9999      -9999      2.81    0.30    -9999       -9999       6.88    0.14    -9999      -9999      -9999  
NGC1407          nid              3.6699637  -18.5803554  E0      28.84    3.67   SBF           0.228  -22.860   0.350 -25.623   0.103    7000.0  2000.0   94         270.60    6.10   10.38    1.32   11.850    0.054    9.40    0.11    -9999      -9999      -9999  
NGC1419        FCC-249            3.6783714  -37.5108809  E0      20.15    1.84   SBF           0.043  -18.970   0.220 -21.640   0.103     155.0    50.0   55         120.80    2.80    0.85    0.08   10.062    0.040    7.52    0.12    -9999      -9999      -9999  
ESO-358-G50    FCC-255            3.6843403  -33.7794603  S0      19.97    0.63   SBF           0.016  -18.590   0.200 -21.071   0.112      80.0    25.0   55          48.20    7.90    1.25    0.04    9.430    0.091    7.21    0.12    -9999      -9999      -9999  
NGC1427        FCC-276            3.7053874  -35.3927754  E       20.52    2.00   SBF           0.037  -20.740   0.240 -23.426   0.102     500.0    60.0   34/60      162.10    3.50    2.98    0.30   10.862    0.043    8.12    0.05    -9999      -9999      -9999  
NGC1428        FCC-277            3.7063777  -35.1533815  E5      20.69    0.76   SBF           0.028  -18.700   0.200  999999   99999      42.0    13.0   55          81.70   10.50    0.91    0.03    9.751    0.074    6.93    0.12    -9999      -9999      -9999  
NGC1426          nid              3.7136417  -22.1083611  E       24.10    2.08   SBF           0.055  -20.580   0.240 -23.245   0.102     240.0    20.0   18         150.50    2.20    3.00    0.26   10.801    0.037    7.79    0.03    -9999      -9999      -9999  
ESO-358-G56    FCC-288            3.7229538  -33.9400199  dS0     21.68    0.80   SBF           0.016  -16.960   0.200 -18.967   0.177      17.0     6.0   55          48.00    3.00    0.95    0.04    9.307    0.040    6.46    0.13    -9999      -9999      -9999  
NGC1439          nid              3.7472206  -21.9207205  E1      26.67    1.91   SBF           0.099  -20.840   0.200 -23.570   0.104     260.0    30.0   18/60      150.20    5.40    4.46    0.32   10.972    0.037    7.84    0.05    -9999      -9999      -9999  
ESO-358-G59    FCC-301            3.7509996  -35.9726965  E4      20.89    2.02   SBF           0.025  -18.490   0.200 -21.001   0.108      21.0     7.0   55          46.70    1.60    0.95    0.03    9.284    0.024    6.62    0.12    -9999      -9999      -9999  
FCC-303        nid                3.7539203  -36.9367901  dE1     19.69    0.70   SBF           0.029  -17.360   0.200 -17.432   0.261      22.0     7.0   55          27.00   11.00    -9999      -9999      -9999       -9999       6.59    0.12    -9999      -9999      -9999  
NGC1460        FCC-310            3.7704769  -36.6963961  SB0     19.94    0.61   SBF           0.030  -18.900   0.200 -21.542   0.109      39.0    12.0   55          60.40    7.20    1.92    0.06    9.815    0.069    6.91    0.12    -9999      -9999      -9999  
ESO-358-G66    FCC-324            3.7979611  -36.4716667  dS0     20.08    0.72   SBF           0.026  -17.220   0.200 -18.314   0.239      21.0     7.0   55           -9999      -9999      1.82    0.06    -9999       -9999       6.56    0.12    -9999      -9999      -9999  
ESO-359-G02    FCC-335            3.8435348  -35.9093678  E       19.43    0.62   SBF           0.040  -18.180   0.200 -20.176   0.128      14.0     5.0   55          53.50    2.60    1.59    0.05    9.626    0.032    6.43    0.13    -9999      -9999      -9999  
NGC1483          nid              3.8798889  -47.4775000  SBbc    15.70    1.10   Hubble        0.023  -18.320   0.200 -20.397   0.124       5.0     4.0   22           -9999      -9999      1.66    0.12    -9999       -9999       5.99    0.26    -9999      -9999      -9999  
IC2006         ESO-359-G07        3.9079102  -35.9672037  E       20.24    0.76   SBF           0.030  -20.270   0.200 -23.052   0.102     132.0    40.0   55         123.70    2.30    2.38    0.09   10.531    0.020    7.52    0.11    -9999      -9999      -9999  
UGCA-86        nid                3.9973611   67.1436111  Im       2.96    0.30   TRGB          2.583  -16.130   0.200 -14.510   0.205      11.0     4.0   37           -9999      -9999      -9999      -9999      -9999       -9999       6.24    0.13    -9999      -9999      -9999  
IC2035          nid               4.1505312  -45.5176012  E/S0    20.80    1.50   Hubble        0.037  -19.710   0.200 -22.724   0.101      55.0    10.0   18         106.70    2.30    0.65    0.05    9.838    0.035    7.10    0.07    -9999      -9999      -9999  
NGC1533          nid              4.1644027  -56.1184631  E/S0    21.38    4.09   SBF           0.051  -20.980   0.540 -24.031   0.102     250.0    30.0   21         185.40    4.90    3.15    0.60   11.003    0.077    7.83    0.05    -9999      -9999      -9999  
NGC1549          nid              4.2625382  -55.5922874  E       19.68    1.70   SBF           0.042  -21.720   0.270 -24.691   0.103     140.0    60.0   10         202.30    4.00    4.76    0.41   11.258    0.038    7.63    0.15    -9999      -9999      -9999  
NGC1553          nid              4.2695796  -55.7800240  S0      18.54    1.51   SBF           0.044  -21.980   0.260 -25.064   0.102     540.0   160.0   10         177.20    4.30    5.15    0.42   11.177    0.037    8.23    0.11    -9999      -9999      -9999  
NGC1581          nid              4.4124889  -54.9420000  E/S0    22.80    1.60   Hubble        0.024  -18.960   0.300 -21.944   0.107       4.0     4.0   61           -9999      -9999      1.15    0.08    -9999       -9999       5.93    0.30    -9999      -9999      -9999  
NGC1600          nid              4.5277361   -5.0860833  E3      66.00    4.60   Hubble        0.147  -23.330   0.200 -26.073   0.102    2850.0   500.0   88         334.30    7.20   14.53    1.01   12.179    0.032    9.04    0.07    -9999      -9999      -9999  
ESO-118-034        nid            4.6715111  -58.7441889  S0      16.60    1.20   Hubble        0.043  -17.450   0.200 -20.517   0.115       3.0     2.0   61           -9999      -9999      0.50    0.04    -9999       -9999       5.73    0.22    -9999      -9999      -9999  
NGC1700          nid              4.9489833   -4.8659744  E4      44.26    3.38   SBF           0.142  -22.140   0.200 -25.157   0.102    1320.0   270.0   12         238.50    4.20    3.97    0.30   11.322    0.033    8.63    0.08    -9999      -9999      -9999  
UGC-3274       A539-2             5.2769200    6.4417000  MG     115.70    8.10   Hubble        0.459  -21.100   0.200 -25.549   0.127    6870.0  1970.0   7          195.20   10.70    -9999      -9999      -9999       -9999       9.28    0.11    -9999      -9999      -9999  
CGCG421-019    A539-1             5.2819853    6.5524695  E      138.40    9.70   Hubble        0.522  -22.300   0.200 -25.687   0.105    6850.0  2100.0   7          311.60   17.60    -9999      -9999      -9999       -9999       9.35    0.12    -9999      -9999      -9999  
ESO-306-017    PGC017570          5.6685313  -40.8362699  E3/cD  154.26    7.71   Hubble        0.108  -23.700   0.200 -26.430   0.119   11577.0  1046.0   1a         269.90   13.10   37.39    6.00   12.404    0.045    9.67    0.04    -9999      -9999      -9999  
NGC2082          nid              5.6975333  -64.3010833  SBb     17.80    1.30   Hubble        0.192  -19.380   0.210 -21.912   0.112      27.0    17.0   22           -9999      -9999      2.23    0.16    -9999       -9999       6.78    0.21    -9999      -9999      -9999  
NGC2329        A569-1             7.1522255   48.6156184  E/S0    84.00    5.90   Hubble        0.236  -22.410   0.290 -25.246   0.104    2120.0   780.0   7          239.90    4.70    8.58    0.50   11.662    0.027    8.85    0.14    0.00    8.36    0.00
NGC2434          nid              7.5808894  -69.2842123  E0      21.58    3.08   SBF           0.821  -21.230   0.350 -23.873   0.103     143.0    40.0   36         186.90    6.80    2.89    0.41   10.972    0.061    7.61    0.11    -9999      -9999      -9999  
UGC-4289       A634-1             8.2624655   58.3208441  E      117.90    8.30   Hubble        0.161  -22.460   0.260 -25.540   0.106    2690.0   740.0   7          245.20    7.30   10.33    0.73   11.762    0.034    8.96    0.11    -9999      -9999      -9999  
KK-197         PGC-46680          8.6325556  -57.9738889  Im       3.87    0.40   TRGB          0.466  -13.040   0.200 -16.482   0.123       3.0     2.0   37           -9999      -9999      -9999      -9999      -9999       -9999       5.58    0.22    -9999      -9999      -9999  
NGC2683          nid              8.8781100   33.4211000  Sb       7.73    1.39   SBF           0.109  -19.800   0.460 -23.125   0.101     120.0    40.0   82         117.50    9.00    2.09    0.38   10.429    0.083    7.45    0.12    -9999      -9999      -9999  
NGC2758          nid              9.0920136  -19.0427700  SBbc    32.40    2.30   Hubble        0.346  -20.570   0.200 -21.147   0.143      99.0    32.0   22           -9999      -9999      2.66    0.19    -9999       -9999       7.41    0.12    -9999      -9999      -9999  
A754-1         PGC25714           9.1423333   -9.6300000  E      239.30   16.80   Hubble        0.172  -24.190   0.200 -26.531   0.113   16400.0  4800.0   6          346.00    9.80   33.24    2.33   12.569    0.034    9.85    0.11    -9999      -9999      -9999  
A754-2         PGC25721           9.1441444   -9.6252500  S      240.00   16.00   Hubble        0.170  -22.100   0.200 -24.611   0.135    4600.0   800.0   6            -9999      -9999      -9999      -9999      -9999       -9999       9.17    0.07    -9999      -9999      -9999  
NGC2768          nid              9.1937446   60.0372538  E       22.39    2.62   SBF           0.147  -22.030   0.360 -24.769   0.105     720.0   240.0   61         181.10    3.70    6.80    0.80   11.317    0.050    8.36    0.12    -9999      -9999      -9999  
NGC2778          nid              9.2067750   35.0274167  E       22.91    3.39   SBF           0.069  -19.450   0.360 -22.294   0.104      50.0    30.0   36         175.00    8.00    1.75    0.26   10.698    0.065    7.05    0.20    7.15    0.30    0.30
NGC2832        A779-1             9.3296571   33.7495665  E2     102.80    7.20   Hubble        0.060  -23.250   0.200 -26.368   0.103    4400.0  1000.0   7/53       334.00    7.40   12.73    0.89   12.121    0.032    9.22    0.09    0.00    9.95    0.00
NGC2865          nid              9.3917154  -23.1616091  E3      37.84    3.65   SBF           0.270  -21.500   0.260 -24.461   0.102     712.0   108.0   92         171.60    3.50    2.63    0.25   10.858    0.042    8.32    0.06    -9999      -9999      -9999  
ESO-498-005        nid            9.4113051  -25.0926736  SABd    32.00    3.00   TF            0.108  -19.700   0.200 -22.322   0.116      58.0    12.0   22           -9999      -9999      3.77    0.30    -9999       -9999       7.13    0.08    -9999      -9999      -9999  
NGC2902          nid              9.5146999  -14.7358814  S0      33.30    2.40   Hubble        0.217  -20.620   0.310 -23.531   0.104      35.0    20.0   61           -9999      -9999      2.48    0.18    -9999       -9999       6.96    0.20    -9999      -9999      -9999  
NGC3056          nid              9.9091340  -28.2980459  S0-a    12.19    1.49   SBF           0.296  -19.060   0.410 -21.824   0.103      23.0    10.0   61          74.50    3.10    0.97    0.12    9.700    0.056    6.69    0.16    -9999      -9999      -9999  
NGC3031        M81                9.9258686   69.0654379  Sab      3.55    0.07   TRGB/Cepheid  0.266  -21.080   0.200 -23.949   0.102     300.0   100.0   72/89      143.00    7.00    3.41    0.07   10.812    0.030    7.92    0.12    7.84    0.11    0.06
NGC3073          nid             10.0144637   55.6189152  E/S0    33.73   18.03   SBF           0.033  -19.270   1.440 -21.840   0.126     130.0    20.0   18          34.80    3.90    1.66    0.89    9.272    0.193    7.45    0.06    -9999      -9999      -9999  
ESO-499-037        nid           10.0616193  -27.0278003  SABc    16.90    3.42   TF            0.205  -19.150   0.200 -18.474   0.153      14.0    11.0   22           -9999      -9999      3.61    0.73    -9999       -9999       6.48    0.25    -9999      -9999      -9999  
NGC3115          nid             10.0872139   -7.7185556  S0      10.00    0.50   SBF/PNLF      0.157  -21.190   0.200 -24.134   0.101     550.0    80.0   26         230.00   11.00    1.51    0.06   10.871    0.033    8.19    0.06    8.96    0.19    0.15
NGC3115DW1     PGC029300         10.0948889   -7.9813889  dEN     10.10    0.30   SBF/PNLF/TRG  0.174  -17.640   0.200 -19.987   0.130      60.0    20.0   25/80       29.00   10.00    2.50    0.80    9.291    0.200    7.04    0.12    -9999      -9999      -9999  
NGC3156          nid             10.2114599    3.1293359  S0      22.39    1.49   SBF           0.113  -19.560   0.270 -22.214   0.107     115.0    15.0   18          83.50    6.80    1.56    0.10   10.005    0.054    7.42    0.05    -9999      -9999      -9999  
CGCG065-015    A999-1            10.3899275   12.8350704  E      144.40   10.10   Hubble        0.111  -22.300   0.200 -25.698   0.107    2160.0   780.0   7          272.20   13.10    2.40    0.30   11.219    0.058    8.85    0.13    -9999      -9999      -9999  
NGC3226          nid             10.3908331   19.8983583  E       23.55    2.75   SBF           0.075  -20.530   0.460 -23.298   0.107     470.0   200.0   46         193.50    5.10    3.93    0.46   11.136    0.050    8.08    0.15    -9999      -9999      -9999  
IC613          A1016-1           10.4521639   11.0106843  E      143.90   10.10   Hubble        0.085  -21.850   0.200 -25.108   0.111    1330.0   440.0   7          261.90    5.90    1.72    0.20   11.041    0.049    8.61    0.12    -9999      -9999      -9999  
NGC3258          nid             10.4815547  -35.6053845  E1      32.06    4.25   SBF           0.279  -21.330   0.330 -24.254   0.103    6000.0   150.0   5          276.10    9.40    4.65    0.62   11.518    0.058    9.24    0.01    -9999      -9999      -9999  
NGC3268          nid             10.5001969  -35.3255622  E2      34.83    4.25   Hubble        0.341  -21.600   0.340 -24.594   0.104    4750.0   150.0   5          223.50   30.20    5.71    0.70   11.424    0.089    9.15    0.01    -9999      -9999      -9999  
NGC3259          nid             10.5430151   65.0410954  SABb    25.70    1.80   Hubble        0.040  -20.350   0.300 -21.838   0.105      29.0    16.0   22           -9999      -9999      2.12    0.20    -9999       -9999       6.86    0.19    -9999      -9999      -9999  
NGC3311          nid             10.6118836  -27.5278788  E2      44.26    4.00   SBF           0.263  -21.840   0.200 -25.156   0.107   16500.0  2000.0   20         185.20    7.00   18.91    1.88   11.781    0.046    9.71    0.05    -9999      -9999      -9999  
NGC3348          nid             10.7861083   72.8396667  E0      41.50    2.90   Hubble        0.245  -22.190   0.310 -25.152   0.101    3100.0  1000.0   20         238.40   10.00    5.26    0.37   11.444    0.038    9.00    0.12    -9999      -9999      -9999  
NGC3377          nid             10.7951044   13.9856408  E5      11.04    0.25   TRGB/SBF      0.113  -19.950   0.200 -22.786   0.104     191.0    15.0   18         145.00    7.00    1.84    0.04   10.557    0.030    7.66    0.03    8.25    0.19    0.29
NGC3379        M105              10.7971083   12.5816111  E1      10.20    0.50   TRGB          0.081  -20.900   0.200 -23.782   0.102     216.0    42.0   26/86      206.00   10.00    1.79    0.14   10.849    0.043    7.77    0.08    8.04    0.22    0.26
NGC3384          nid             10.8046995   12.6294009  SB0     10.80    0.77   SBF           0.088  -20.490   0.200 -23.427   0.102     120.0    30.0   42a        143.00    7.00    1.40    0.09   10.426    0.040    7.49    0.10    7.04    0.16    0.26
NGC3414          nid             10.8544917   27.9748333  S0      25.23    4.14   SBF           0.081  -21.100   0.420 -24.037   0.101     400.0   200.0   61         236.80    7.50    2.54    0.42   11.122    0.069    8.05    0.18    8.40    0.06    0.08
NGC3455          nid             10.9086324   17.2847178  SABb    20.60    1.50   Hubble        0.091  -17.860   0.200 -21.192   0.113      27.0    14.0   22           -9999      -9999      -9999      -9999      -9999       -9999       6.70    0.18    -9999      -9999      -9999  
NGC3489          nid             11.0051603   13.9011902  S0      12.08    0.86   SBF           0.055  -20.180   0.200 -23.046   0.100     100.0    50.0   61         104.50    2.30    1.19    0.09   10.082    0.033    7.39    0.18    -9999      -9999      -9999  
UGC-6203       A1177-1           11.1623418   21.7587474  E      141.60    9.90   Hubble        0.049  -22.100   0.200 -26.072   0.107    4880.0  1400.0   7          268.30    7.10    -9999      -9999      -9999       -9999       9.19    0.11    -9999      -9999      -9999  
NGC3557          nid             11.1660280  -37.5392450  E       45.71    4.87   SBF           0.327  -23.250   0.290 -26.132   0.101    1075.0   740.0   71         267.70    8.30    7.56    0.81   11.703    0.048    8.61    0.23    -9999      -9999      -9999  
NGC3550        A185-1            11.1773588   28.7677111  S0     152.70   10.70   Hubble        0.074  -22.800   0.300 -25.968   0.105    6600.0  1650.0   7          192.10    6.70    -9999      -9999      -9999       -9999       9.37    0.10    -9999      -9999      -9999  
NGC3556        M108              11.1919311   55.6741454  SBc     12.42    0.90   Hubble        0.057  -20.500   0.200 -23.436   0.102     290.0    80.0   82           -9999      -9999      5.98    0.43    -9999       -9999       7.87    0.11    -9999      -9999      -9999  
NGC3585          nid             11.2214178  -26.7548640  E7      21.20    1.73   SBF           0.212  -21.810   0.230 -24.952   0.102     300.0   100.0   81         213.00   10.00    4.27    0.37   11.256    0.045    7.96    0.12    8.51    0.15    0.13
NGC3599          nid             11.2574983   18.1103312  S0      20.32    1.76   SBF           0.068  -19.660   0.330 -22.276   0.103      29.0    10.0   61          67.30    4.40    2.35    0.20    9.996    0.051    6.82    0.13    -9999      -9999      -9999  
NGC3607          nid             11.2818155   18.0518988  S0      20.00    2.00   Hubble        0.069  -21.500   0.200 -24.519   0.103     600.0   200.0   60         229.00   11.00    4.18    0.42   11.310    0.050    8.25    0.12    8.15    0.10    0.15
NGC3608          nid             11.2830365   18.1485382  E2      23.00    2.00   SBF           0.069  -21.110   0.200 -23.720   0.101     450.0   200.0   60         182.00    9.00    3.74    0.25   11.062    0.040    8.10    0.16    8.67    0.09    0.10
NGC3610          nid             11.3070194   58.7862222  E5      35.10    4.00   SBF           0.033  -22.020   0.270 -24.822   0.101     400.0   150.0   40/60/99   162.00    4.60    2.62    0.05   10.806    0.019    8.10    0.14    -9999      -9999      -9999  
IC712          A1314-1           11.5803620   49.0777584  E      146.60   10.30   Hubble        0.045  -22.680   0.200 -25.945   0.105    3470.0   910.0   7          345.30   13.80    3.00    0.50   11.522    0.070    9.08    0.10    -9999      -9999      -9999  
NGC3818          nid             11.6992674   -6.1555814  E       36.31   11.78   SBF           0.118  -21.210   0.880 -23.946   0.105     590.0    40.0   18         194.80    4.70    4.00    1.30   11.150    0.123    8.22    0.03    -9999      -9999      -9999  
NGC3842        A1367-1           11.7339363   19.9496957  E       94.90    6.70   Hubble        0.071  -23.140   0.200 -25.812   0.103   12000.0  3000.0   7/13       315.00    8.00   17.38    1.23   12.205    0.033    9.65    0.10    9.99    0.12    0.13
NGC3870          nid             11.7657223   50.1998609  S0      13.60    1.00   Hubble        0.052  -17.680   0.270 -19.853   0.108      13.0     5.0   61          27.60    5.70    0.51    0.04    8.558    0.115    6.38    0.14    -9999      -9999      -9999  
NGC3923          nid             11.8504901  -28.8059748  E4      22.91    3.15   SBF           0.275  -22.280   0.540 -25.330   0.104    2800.0   300.0   26/92/101  256.60    6.30    6.51    0.89   11.601    0.058    8.96    0.04    -9999      -9999      -9999  
NGC4013          nid             11.9753802   43.9467640  Sb      17.74    1.60   TF            0.055  -20.070   0.310 -23.617   0.102     190.0    40.0   39/82        -9999      -9999      4.80    0.43    -9999       -9999       7.66    0.08    -9999      -9999      -9999  
NGC4033          nid             12.0096242  -17.8424655  E       21.09    2.36   SBF           0.157  -20.080   0.370 -22.939   0.103     160.0    15.0   18         143.20   12.30    1.34    0.15   10.408    0.066    7.59    0.04    -9999      -9999      -9999  
NGC4073          nid             12.0741877    1.8959276  E/cD    89.00    4.50   Hubble        0.074  -23.290   0.200 -26.266   0.104    8300.0   500.0   10a/43a    277.20    8.60    3.38    0.30   11.383    0.044    9.50    0.03    -9999      -9999      -9999  
NGC4150          nid             12.1760162   30.4015662  S0      13.74    1.61   SBF           0.060  -19.110   0.390 -21.708   0.101       7.0     4.0   56          85.00    8.40    1.18    0.14    9.899    0.073    6.18    0.20    0.00    6.38    0.00
NGC4157          nid             12.1845490   50.4849043  SABb    15.43    3.10   TF            0.071  -19.660   0.200 -23.586   0.103      80.0    20.0   82          90.10    4.30    2.64    0.53   10.300    0.083    7.26    0.10    -9999      -9999      -9999  
NGC4163          nid             12.2025600   36.1693490  Irr      2.91    0.04   TRGB          0.054  -14.210   0.200 -14.954   0.137       2.0     2.0   37           -9999      -9999      0.38    -9999      -9999       -9999       5.42    0.30    -9999      -9999      -9999  
NGC4203          nid             12.2513933   33.1972193  E/S0    15.14    1.31   SBF           0.040  -20.080   0.420 -23.499   0.101     175.0   100.0   61         162.40    5.90    1.49    0.13   10.563    0.042    7.63    0.20    0.00    8.08    0.00
NGC4216        VCC-167           12.2650908   13.1495788  Sb      16.00    1.00   Virgo         0.087  -21.810   0.200 -24.506   0.102     620.0   310.0   43a        206.80    9.60    2.73    0.30   11.036    0.050    8.28    0.18    -9999      -9999      -9999  
IC3131         VCC-0308          12.3141181    7.8616444  E       27.70    2.00   Hubble        0.058  -17.600   0.200 -21.128   0.163       8.0     3.0   61           -9999      -9999      -9999      -9999      -9999       -9999       6.16    0.14    -9999      -9999      -9999  
NGC4261          nid             12.3230597    5.8250408  E2      31.62    2.89   SBF           0.060  -22.140   0.210 -25.143   0.104    1242.0   250.0   9          315.00   15.00    7.42    0.68   11.836    0.047    8.60    0.08    8.71    0.08    0.09
NGC4262        VCC-355           12.3251724   14.8775797  SB0     15.42    0.43   SBF           0.116  -19.510   0.200 -22.597   0.101     100.0    31.0   77         189.70   14.30    0.82    0.02   10.441    0.045    7.35    0.12    -9999      -9999      -9999  
UGC-7369        nid              12.3274280   29.8830783  dSph    11.60    1.00   TRGB          0.053  -16.170   0.200 -18.534   0.131      22.0     7.0   37           -9999      -9999      0.84    0.10    -9999       -9999       6.54    0.12    -9999      -9999      -9999  
NGC4267        VCC-369           12.3292582   12.7984218  SB0     15.82    0.54   SBF           0.157  -20.220   0.200 -23.171   0.103     179.0    17.0   77         164.70    5.30    3.18    0.11   10.905    0.024    7.65    0.04    -9999      -9999      -9999  
NGC4278          nid             12.3352206   29.2806358  E       16.07    1.55   SBF           0.095  -20.970   0.340 -23.856   0.101    1100.0   300.0   46/60      237.20    5.20    2.68    0.26   11.147    0.042    8.48    0.10    0.00    8.23    0.00
NGC4291          nid             12.3382472   75.3709444  E       26.18    4.16   SBF           0.121  -20.740   0.380 -23.686   0.101     950.0   170.0   60         242.00   12.00    2.19    0.35   11.077    0.070    8.40    0.07    8.98    0.10    0.18
NGC4318        VCC-575           12.3786891    8.1982701  E       22.08    0.62   SBF           0.083  -18.500   0.210 -21.382   0.108      18.0     6.1   77          95.00    3.90    0.77    0.02    9.811    0.027    6.56    0.13    -9999      -9999      -9999  
NGC4340        VCC-654           12.3931399   16.7224629  IB      16.00    2.00   TF            0.072  -17.560   0.430 -22.707   0.102      45.0    16.0   77         116.30    3.00    2.75    0.40   10.540    0.061    6.91    0.13    -9999      -9999      -9999  
NGC4350        VCC-685           12.3993938   16.6934705  S0      15.50    0.78   GCLF          0.093  -20.050   0.200 -23.147   0.100     196.0    60.0   77         180.50    7.20    2.05    0.10   10.793    0.031    7.68    0.12    8.74    0.10    0.10
NGC4352        VCC-698           12.4013879   11.2180617  S0      18.64    0.10   SBF           0.084  -18.860   0.200 -21.495   0.110     114.0    12.0   77          69.80    5.90    2.00    0.01    9.957    0.049    7.38    0.04    -9999      -9999      -9999  
NGC4365        VCC-731           12.4078472    7.3175759  E3      23.33    0.65   SBF           0.070  -22.350   0.200 -25.207   0.104    3246.0   598.0   77         256.10    3.40    7.83    0.22   11.679    0.014    9.03    0.07    -9999      -9999      -9999  
NGC4371        VCC-759           12.4153949   11.7042761  SB0     16.98    0.48   SBF           0.122  -20.460   0.200 -23.445   0.103     200.0    41.0   77         137.10    2.60    2.77    0.08   10.684    0.017    7.71    0.08    -9999      -9999      -9999  
NGC4374        VCC-763/M84       12.4176847   12.8870714  E1      18.51    0.61   SBF           0.134  -22.360   0.200 -25.130   0.103    4301.0  1201.0   77         296.00   14.00    5.46    0.18   11.648    0.031    9.15    0.11    8.96    0.05    0.04
NGC4377        VCC-778           12.4200851   14.7622825  S0      17.67    0.59   SBF           0.120  -19.480   0.200 -22.420   0.101      74.0    32.0   77         144.10    9.80    0.97    0.03   10.272    0.042    7.22    0.16    -9999      -9999      -9999  
NGC4379        VCC-784           12.4207540   15.6074246  S0      15.88    0.52   SBF           0.077  -19.360   0.200 -22.248   0.102      50.0    14.0   77         115.90    4.80    1.18    0.04   10.167    0.028    7.04    0.11    -9999      -9999      -9999  
NGC4382        VCC-798/M85       12.4233458   18.1907561  S0      17.88    0.56   SBF           0.103  -22.250   0.200 -25.128   0.102    1110.0   181.0   77         178.70    5.00    7.48    0.23   11.347    0.021    8.56    0.07    0.00    7.81    0.00
NGC4406        VCC-881/M86       12.4365983   12.9461081  E3      17.09    0.52   SBF           0.098  -22.360   0.200 -25.071   0.104    2800.0   200.0   77         234.80    3.10   12.69    0.39   11.814    0.015    8.97    0.03    -9999      -9999      -9999  
NGC4417        VCC-944           12.4473867    9.5842429  SB0     16.03    0.53   SBF           0.081  -20.000   0.200 -22.860   0.104      72.0    10.0   77         135.20    2.70    1.22    0.04   10.318    0.018    7.24    0.06    -9999      -9999      -9999  
NGC4417        VCC-944           12.4473867    9.5842429  SB0     16.03    0.53   SBF           0.081  -20.000   0.200 -22.860   0.104      72.0    10.0   77         135.20    2.70    1.22    0.04   10.318    0.018    7.24    0.06    -9999      -9999      -9999  
NGC4431          nid             12.4576049   12.2903069  S0      15.80    0.40   SBF           0.094  -18.200   0.200 -20.695   0.110      11.0     5.0   61          48.40    5.20    1.68    0.04    9.564    0.062    6.33    0.16    -9999      -9999      -9999  
NGC4434        VCC-1025          12.4601861    8.1543056  E       22.48    0.78   SBF           0.074  -19.680   0.200 -22.556   0.104     141.0    34.0   77         120.20    2.90    1.42    0.05   10.281    0.021    7.51    0.09    -9999      -9999      -9999  
NGC4435        VCC-1030          12.4612448   13.0789039  SB0     16.65    0.52   SBF           0.100  -20.400   0.200 -23.821   0.101     345.0    80.0   77         156.70    5.80    2.94    0.09   10.828    0.026    7.94    0.09    0.00    6.88    0.00
NGC4442        VCC-1062          12.4677458    9.8036849  SB0     15.31    0.52   SBF           0.073  -20.560   0.200 -23.639   0.103     178.0    30.0   77         186.70    8.60    1.74    0.06   10.752    0.031    7.66    0.07    -9999      -9999      -9999  
NGC4449          nid             12.4697278   44.0930273  IB       4.13    0.21   TRGB          0.064  -18.560   0.240 -20.836   0.108      12.0     5.0   2            -9999      -9999      1.54    0.08    -9999       -9999       6.38    0.15    -9999      -9999      -9999  
IC3381         VCC-1087          12.4708115   11.7898275  E       16.67    0.59   SBF           0.072  -17.790   0.200 -20.069   0.155      66.0     9.5   77          39.10    1.50    2.85    0.10    9.608    0.027    7.09    0.06    -9999      -9999      -9999  
NGC4458        VCC-1146          12.4826502   13.2418293  E0      16.32    0.53   SBF           0.079  -19.070   0.200 -21.757   0.102      72.0    12.0   77         102.70    2.90    1.44    0.05   10.151    0.022    7.19    0.07    -9999      -9999      -9999  
NGC4459        VCC-1154          12.4833389   13.9785556  S0      16.01    0.55   SBF           0.153  -20.810   0.200 -23.886   0.101     218.0    28.0   77         167.00    8.00    3.09    0.11   10.904    0.032    7.76    0.05    7.84    0.08    0.08
VCC-1185        nid              12.4898714   12.4506659  E       16.90    0.80   SBF           0.062  -16.770   0.200 -17.885   0.172      14.0     5.7   77           -9999      -9999      1.52    0.07    -9999       -9999       6.37    0.15    -9999      -9999      -9999  
NGC4472        VCC-1226/M49      12.4963306    8.0003889  E2      17.03    0.21   SBF           0.074  -22.820   0.200 -25.768   0.103    7000.0   800.0   77         293.80    2.90   12.65    0.16   12.007    0.008    9.39    0.05    9.26    0.12    0.18
NGC4473        VCC-1231          12.4969066   13.4293972  E5      15.25    0.51   SBF           0.094  -20.810   0.200 -23.770   0.103     376.0    97.0   77         190.00    9.00    3.01    0.10   11.005    0.031    8.00    0.10    7.95    0.19    0.29
NGC4474        VCC-1242          12.4982081   14.0686238  S0      15.46    0.58   SBF           0.140  -19.590   0.200 -22.261   0.101     116.0    24.0   77          87.70    4.00    2.09    0.08   10.176    0.031    7.42    0.08    -9999      -9999      -9999  
VCC-1254        nid              12.5014329    8.0737952  dE0N    16.00    2.00   Virgo         0.061  -16.670   0.200 -19.323   0.180      26.0    11.0   24/67       31.40    1.60    0.93    0.10    8.929    0.053    6.63    0.14    -9999      -9999      -9999  
NGC4478        VCC-1279          12.5049358   12.3268025  E2      17.05    0.57   SBF           0.082  -19.790   0.200 -22.812   0.101      58.0    11.0   77         137.40    2.40    1.08    0.04   10.277    0.018    7.13    0.08    -9999      -9999      -9999  
NGC4486B       VCC-1297          12.5088833   12.4902222  E0      16.26    0.64   SBF           0.070  -17.770   0.200 -20.977   0.101       4.0    11.0   77         169.20    3.90    0.49    0.02   10.113    0.022    5.87    0.57    0.00    9.00    0.00
NGC4483        VCC-1303          12.5112912    9.0156507  S0-a    16.75    0.56   SBF           0.066  -18.960   0.200 -21.840   0.105      72.0    18.0   77           -9999      -9999      1.40    0.05    -9999       -9999       7.18    0.10    -9999      -9999      -9999  
NGC4486        VCC-1316/M87      12.5137243   12.3912170  E0      17.00    0.30   SBF           0.074  -22.610   0.200 -25.348   0.102   13000.0   800.0   77         375.00   18.00    7.30    0.12   11.980    0.029    9.65    0.03    9.77    0.03    0.03
NGC4489        VCC-1321          12.5145121   16.7587743  E       15.38    0.50   SBF           0.092  -19.030   0.200 -21.580   0.104      31.0     9.0   77          53.10    2.00    1.30    0.04    9.533    0.026    6.82    0.11    -9999      -9999      -9999  
NGC4494          nid             12.5233526   25.7746797  E1      17.06    0.89   SBF           0.071  -21.400   0.200 -24.170   0.103     392.0    49.0   35         150.20    3.70    4.02    0.21   10.927    0.026    8.05    0.05    -9999      -9999      -9999  
NGC4517          nid             12.5459661    0.1146246  Sc       9.26    0.66   TF            0.079  -19.520   0.330 -22.513   0.105     270.0    60.0   39           -9999      -9999      4.16    0.30    -9999       -9999       7.79    0.09    -9999      -9999      -9999  
NGC4515        VCC-1475          12.5513766   16.2654979  S0      16.68    0.55   SBF           0.085  -18.790   0.200 -21.232   0.103      81.0    10.0   77          86.00    2.90    0.84    0.03    9.762    0.025    7.22    0.05    -9999      -9999      -9999  
IC3492         VCC-1499          12.5555005   12.8535563  E       16.00    2.00   Virgo         0.084  -16.530   0.200 -18.126   0.154      19.0     6.6   77           -9999      -9999      0.54    0.09    -9999       -9999       6.49    0.13    -9999      -9999      -9999  
NGC4526        VCC-1535          12.5675099    7.6992057  S0      16.90    1.63   SBF           0.074  -21.510   0.220 -24.674   0.102     388.0   117.0   77         251.10   16.10    1.96    0.48   11.061    0.101    8.06    0.11    0.00    8.48    0.00
NGC4550        VCC-1619          12.5917858   12.2211893  SB0     15.44    0.49   SBF           0.129  -19.390   0.200 -22.265   0.102      84.0    19.0   77          96.40    4.20    1.42    0.05   10.088    0.029    7.27    0.09    -9999      -9999      -9999  
NGC4551        VCC-1630          12.5938813   12.2639737  E       16.18    0.56   SBF           0.128  -19.150   0.200 -22.187   0.102      47.0    11.0   77         106.80    2.20    1.24    0.04   10.120    0.019    7.01    0.09    -9999      -9999      -9999  
NGC4552        VCC-1632/M89      12.5944024   12.5561149  E       15.89    0.55   SBF           0.136  -20.390   0.200 -24.292   0.103    1100.0   200.0   77         252.50    3.30    3.70    0.13   11.342    0.017    8.44    0.07    8.68    0.04    0.05
NGC4565          nid             12.6057747   25.9871850  Sb      17.46    1.42   SBF           0.051  -21.680   0.270 -25.156   0.101     204.0    60.0   39         136.00    6.30    7.32    0.60   11.100    0.043    7.79    0.11    -9999      -9999      -9999  
NGC4564        VCC-1664          12.6074930   11.4393999  E       15.87    0.53   SBF           0.116  -20.000   0.200 -23.078   0.102     213.0    31.0   77         162.00    8.00    1.78    0.06   10.638    0.032    7.71    0.06    7.92    0.10    0.14
NGC4570        VCC-1692          12.6148409    7.2466966  S0      17.12    0.57   SBF           0.073  -20.340   0.200 -23.483   0.101     139.0    23.0   77         187.90    8.50    1.92    0.06   10.801    0.030    7.54    0.07    -9999      -9999      -9999  
NGC4589          nid             12.6236194   74.1918611  E2      21.98    2.34   SBF           0.093  -21.070   0.280 -23.962   0.103    1052.0   162.0   60         224.10    5.30    4.12    0.44   11.284    0.046    8.46    0.06    -9999      -9999      -9999  
NGC4578        VCC-1720          12.6251500    9.5551111  S0      16.35    0.54   SBF           0.070  -19.620   0.200 -22.671   0.105      62.0    13.0   77         120.30    9.60    2.46    0.08   10.519    0.048    7.15    0.08    -9999      -9999      -9999  
NGC4605          nid             12.6664972   61.6090333  SBd      5.47    0.50   TRGB          0.039  -18.410   0.200 -20.932   0.104      22.0     7.0   37           -9999      -9999      1.18    0.10    -9999       -9999       6.64    0.12    -9999      -9999      -9999  
NGC4594        M104              12.6665134  -11.6230104  Sa       9.77    0.84   SBF           0.170  -22.120   0.200 -25.006   0.101    1900.0   200.0   86/93      240.00   12.00    3.41    0.29   11.262    0.046    8.78    0.04    8.72    0.30    0.57
IC3651          nid              12.6813645   26.7280487  S0      71.70    5.00   Hubble        0.042  -21.000   0.200 -23.850   0.109    2700.0   780.0   65         183.00   28.90    1.18    0.10   10.565    0.093    8.87    0.11    -9999      -9999      -9999  
NGC4612        VCC-1883          12.6924278    7.3148511  S0      16.53    0.53   SBF           0.069  -21.120   0.200 -22.537   0.103      83.0    25.0   77          62.60    2.70    2.30    0.07    9.924    0.029    7.36    0.11    -9999      -9999      -9999  
NGC4621        VCC-1903/M59      12.7006372   11.6473083  E5      14.85    0.50   SBF           0.110  -21.340   0.200 -24.125   0.103     803.0   355.0   77         225.10    3.20    4.57    0.15   11.333    0.016    8.36    0.16    8.60    0.06    0.07
NGC4636          nid             12.7137983    2.6876184  E0      14.66    0.90   SBF           0.092  -21.430   0.200 -24.419   0.106    4200.0   120.0   23         203.10    3.50    6.71    0.41   11.411    0.028    9.09    0.01    0.00    8.80    0.00
NGC4649        VCC-1978/M60      12.7277890   11.5526723  E2      17.09    0.61   SBF           0.088  -22.410   0.200 -25.434   0.102    4000.0   500.0   77         385.00   19.00    7.12    0.25   11.992    0.033    9.13    0.05    9.63    0.09    0.11
NGC4660        VCC-2000          12.7422139   11.1905278  E       14.97    0.48   SBF           0.109  -19.740   0.200 -22.682   0.101     205.0    28.0   77         188.50    3.40    1.07    0.03   10.548    0.017    7.68    0.06    -9999      -9999      -9999  
NGC4673          nid             12.7596327   27.0607672  E      101.90    7.10   Hubble        0.040  -21.280   0.200 -25.176   0.103     750.0   290.0   65         231.70    5.20    -9999      -9999      -9999       -9999       8.33    0.14    -9999      -9999      -9999  
NGC4697          nid             12.8099952   -5.8006020  E6      12.01    0.78   SBF           0.101  -21.270   0.200 -24.042   0.104     229.0    70.0   54         177.00    8.00    4.19    0.27   11.087    0.038    7.81    0.12    8.28    0.08    0.10
NGC4754        VCC-2092          12.8715444   11.3136389  SB0     16.05    0.55   SBF           0.111  -20.530   0.200 -23.625   0.104     110.0    12.0   42a/77     186.40    3.20    2.26    0.10   10.864    0.021    7.45    0.04    -9999      -9999      -9999  
NGC4762        VCC-2095          12.8822015   11.2307746  SB0     23.88    2.50   GCLF          0.072  -21.700   0.240 -24.599   0.104     240.0    25.0   42a/77     147.10   10.30   10.44    1.09   11.323    0.058    7.86    0.04    -9999      -9999      -9999  
NGC4816          nid             12.9367011   27.7454349  E/S0   102.70    7.20   Hubble        0.030  -22.250   0.350 -25.349   0.108    6100.0  1400.0   65         244.50    8.10   10.82    0.76   11.779    0.035    9.30    0.09    -9999      -9999      -9999  
A1644-1        PGC44257          12.9532222  -17.4094444  E/S0   208.00   14.60   Hubble        0.194  -23.700   0.200 -26.957   0.116   17700.0  4600.0   6            -9999      -9999      -9999      -9999      -9999       -9999       9.85    0.10    -9999      -9999      -9999  
NGC4839          nid             12.9567653   27.4976006  E      109.10    7.60   Hubble        0.032  -23.160   0.200 -25.994   0.106    6500.0  2000.0   53         284.80    4.70   19.36    1.35   12.165    0.031    9.38    0.12    -9999      -9999      -9999  
NGC4840          nid             12.9591072   27.6102687  E       90.80    6.40   Hubble        0.032  -21.120   0.280 -24.235   0.105    1290.0   620.0   65         238.10    6.10    3.03    0.20   11.204    0.032    8.56    0.17    -9999      -9999      -9999  
IC3959          nid              12.9856104   27.7842170  E      105.10    7.40   Hubble        0.035  -20.990   0.200 -24.020   0.107     880.0   330.0   65         208.00    4.50    3.07    0.22   11.092    0.033    8.38    0.14    -9999      -9999      -9999  
PGC044560      MGC+5-31-063      12.9871855   28.0764001  E/S0   115.60    8.10   Hubble        0.032  -20.880   0.200 -23.084   0.131    2150.0   650.0   65         126.00   10.90    -9999      -9999      -9999       -9999       8.76    0.11    -9999      -9999      -9999  
IC3976          nid              12.9914916   27.8503408  E      101.90    7.10   Hubble        0.031  -20.530   0.200 -23.548   0.107     920.0   250.0   65         252.00    7.90    1.91    0.13   11.053    0.034    8.37    0.10    -9999      -9999      -9999  
NGC4874          nid             12.9932422   27.9593362  E/cD   106.40    7.50   Hubble        0.028  -23.480   0.260 -26.278   0.104   20000.0  2000.0   7/47/78    278.90    4.80   16.12    1.14   12.067    0.031    9.89    0.04    -9999      -9999      -9999  
NGC4881          nid             12.9993938   28.2464297  E      100.10    7.00   Hubble        0.036  -20.470   0.230 -24.615   0.107     295.0    89.0   47         199.60    3.00    5.43    0.38   11.304    0.031    7.88    0.11    -9999      -9999      -9999  
NGC4886          nid             13.0012407   27.9875050  E       95.10    6.70   Hubble        0.031  -21.060   0.250 -26.487   0.102    1220.0   480.0   65         163.20    2.60    4.54    0.32   11.051    0.031    8.53    0.14    -9999      -9999      -9999  
IC4012          nid              13.0022101   28.0786343  E      107.70    7.50   Hubble        0.029  -20.410   0.200 -23.573   0.108     620.0   410.0   65         190.80    3.50    -9999      -9999      -9999       -9999       8.20    0.22    -9999      -9999      -9999  
NGC4889          nid             13.0022369   27.9770315  E4      96.60    6.80   Hubble        0.032  -23.470   0.200 -26.521   0.102   11000.0  2000.0   7/47/65    400.80    5.60   15.11    1.06   12.354    0.031    9.63    0.07   10.32    0.25    0.62
IC4021          nid              13.0040979   28.0413075  E       85.80    6.00   Hubble        0.029  -20.160   0.200 -22.893   0.110     160.0   159.0   65         171.90    5.80    1.47    0.10   10.607    0.035    7.59    0.30    -9999      -9999      -9999  
IC4026          nid              13.0061434   28.0469936  S0     120.90    8.50   Hubble        0.029  -21.010   0.200 -23.861   0.115     650.0   190.0   65         142.70    5.80    4.22    0.30   10.903    0.038    8.25    0.11    -9999      -9999      -9999  
IC4041          nid              13.0113535   27.9964853  E      105.40    7.40   Hubble        0.029  -20.860   0.200 -23.452   0.118     470.0   160.0   65         135.60    3.90    5.83    0.41   10.999    0.034    8.10    0.13    -9999      -9999      -9999  
IC4045          nid              13.0135192   28.0907897  E      103.00    7.20   Hubble        0.031  -21.390   0.200 -24.168   0.104    1100.0   510.0   65         217.10    3.90    3.18    0.22   11.144    0.031    8.50    0.17    -9999      -9999      -9999  
IC4051          nid              13.0151330   28.0074725  E      129.40    9.10   Hubble        0.030  -21.260   0.200 -25.150   0.105    6700.0   530.0   47         250.10    5.10   12.19    0.86   11.851    0.032    9.28    0.03    -9999      -9999      -9999  
NGC4926          nid             13.0316005   27.6244299  E/S0   116.50    8.20   Hubble        0.030  -22.360   0.250 -25.443   0.103    1300.0   300.0   47         275.80    3.80    7.11    0.50   11.702    0.031    8.63    0.09    -9999      -9999      -9999  
NGC4980          nid             13.1528098  -28.6416627  Sa      24.80    1.80   Hubble        0.196  -19.900   0.200 -21.148   0.126      43.0    27.0   22           -9999      -9999      1.95    0.14    -9999       -9999       7.01    0.21    -9999      -9999      -9999  
ESO-269-58        nid            13.1758104  -46.9919891  I0       3.80    0.40   TRGB          0.291  -15.780   0.200 -17.305   0.110       8.0     3.0   37           -9999      -9999      0.66    0.10    -9999       -9999       6.08    0.14    -9999      -9999      -9999  
NGC5018          nid             13.2169453  -19.5182010  E3      36.20    6.00   SNIa/GCLF     0.317  -22.340   0.400 -25.094   0.101    1000.0   300.0   49         209.60    4.90    3.87    0.64   11.199    0.068    8.52    0.11    -9999      -9999      -9999  
NGC5128        CentaurusA        13.4244790  -43.0181183  E3p      3.80    0.07   TRGB          0.381  -21.260   0.200 -23.998   0.101    1300.0   300.0   43         150.00    7.00    6.15    0.12   11.110    0.029    8.57    0.09    7.71    0.13    0.19
ESO-509-G008        nid          13.4455899  -27.4393019  E/cD   155.00    8.00   Hubble        0.149  -23.350   0.200 -26.096   0.106    6000.0  1500.0   48         317.60   12.10   10.00    3.00   11.972    0.116    9.36    0.10    -9999      -9999      -9999  
ESO-444-G046        nid          13.4658010  -31.4954581  E/cD   205.00   10.00   Hubble        0.137  -23.800   0.200 -27.080   0.113   32500.0  8000.0   48         251.90   13.20   30.00    5.00   12.248    0.073   10.12    0.10    -9999      -9999      -9999  
NGC5170          nid             13.4968794  -17.9664979  Sc      21.58    4.36   TF            0.264  -20.800   0.590 -24.071   0.105     500.0   200.0   27/32       90.20   10.10    6.28    1.27   10.677    0.099    8.12    0.15    -9999      -9999      -9999  
NGC5194        M51               13.4979698   47.1951510  Sbc      7.62    0.43   PNLF          0.115  -21.160   0.200 -23.926   0.103     220.0    45.0   16          96.00    8.70    4.62    0.26   10.598    0.057    7.79    0.08    0.00    6.32    0.00
NGC5193          nid             13.5315347  -33.2339269  E       37.99    5.00   SBF           0.186  -21.530   0.330 -24.233   0.103    5878.0   355.0   74         205.70    6.20    4.20    0.55   11.219    0.056    9.24    0.03    -9999      -9999      -9999  
IC4296         A3565-BCG         13.6108474  -33.9658219  E       49.68    2.73   SBF           0.169  -23.080   0.200 -25.997   0.102    6400.0   300.0   74         322.00   16.00   10.71    0.59   12.014    0.037    9.37    0.02    9.13    0.06    0.07
NGC5236        M83               13.6169084  -29.8655630  Sc       4.61    0.28   Cepheids      0.218  -21.000   0.200 -23.723   0.103      43.0    12.0   70           -9999      -9999      4.11    0.25    -9999       -9999       7.07    0.11    -9999      -9999      -9999  
NGC5237          nid             13.6275152  -42.8468981  Irr      3.40    0.30   TRGB          0.263  -15.450   0.200 -17.835   0.119       3.0     2.0   37           -9999      -9999      0.40    0.10    -9999       -9999       5.64    0.22    -9999      -9999      -9999  
ESO-383-G076        nid          13.7912197  -32.8649733  E/cD   169.00    8.00   Hubble        0.148  -24.100   0.200 -26.842   0.107   22500.0  5500.0   48         322.60    9.20   55.00   20.00   12.726    0.135    9.98    0.09    -9999      -9999      -9999  
IC4329          nid              13.8181357  -30.2957340  E/S0    68.70    4.80   Hubble        0.168  -23.090   0.350 -26.148   0.103    2970.0   530.0   20         296.00    6.00   19.53    1.40   12.202    0.032    9.04    0.07    -9999      -9999      -9999  
NGC5322          nid             13.8208889   60.1903889  E3      31.19    3.48   SBF           0.047  -22.290   0.280 -25.315   0.104    1600.0   500.0   20         232.00    4.50    5.09    0.57   11.406    0.047    8.72    0.12    -9999      -9999      -9999  
NGC5457        M101              14.0534969   54.3490580  SABc     6.89    0.39   Cepheids/TRGB 0.028  -21.360   0.220 -23.682   0.112     150.0    40.0   16          73.10   23.80   11.50    0.65   10.757    0.166    7.64    0.10    -9999      -9999      -9999  
NGC5557          nid             14.3071234   36.4938702  E1      38.93    8.00   SBF           0.019  -21.960   0.500 -24.873   0.101    3500.0  1000.0   20         253.00    9.40    5.67    1.16   11.528    0.083    9.04    0.11    -9999      -9999      -9999  
ESO-223-09         nid           15.0190530  -48.2918413  IAB      6.49    0.60   TRGB          0.714  -16.470   0.200 -16.111   0.245       8.0     3.0   37           -9999      -9999      1.98    0.20    -9999       -9999       6.11    0.14    -9999      -9999      -9999  
NGC5813          nid             15.0198046    1.7020095  E1      32.21    2.78   SBF           0.189  -22.270   0.230 -25.147   0.105    2900.0   400.0   42a        236.50    3.40    8.93    0.77   11.667    0.037    8.98    0.06    8.84    0.07    0.07
NGC5845          nid             15.1002153    1.6339721  E       25.94    2.63   SBF           0.177  -19.770   0.260 -22.977   0.102     180.0    30.0   60         234.00   11.00    -9999      -9999      -9999       -9999       7.62    0.07    8.69    0.12    0.16
NGC5846          nid             15.1081241    1.6062912  E0      24.89    2.40   SBF           0.182  -22.120   0.250 -25.065   0.103    4670.0  1195.0   28         239.30    4.30    7.56    0.73   11.605    0.041    9.17    0.10    9.04    0.07    0.09
NGC5866          nid             15.1082150   55.7633012  S0-a    15.35    0.87   SBF           0.044  -21.080   0.200 -24.062   0.102     370.0    70.0   14/42a     159.00    9.80    3.01    0.17   10.850    0.043    8.01    0.08    -9999      -9999      -9999  
ESO-274-01        nid            15.2370622  -46.8091057  Scd      3.09    0.30   TRGB          0.704  -17.470   0.200 -19.169   0.113      10.0     3.0   37           -9999      -9999      1.68    0.20    -9999       -9999       6.25    0.11    -9999      -9999      -9999  
NGC5907          nid             15.2649038   56.3289056  SABc    13.22    2.63   TF            0.035  -20.300   0.550 -23.853   0.101     170.0    65.0   59           -9999      -9999      7.83    1.56    -9999       -9999       7.63    0.14    -9999      -9999      -9999  
UGC-9799       A2052-BCG         15.2790399    7.0214564  E/cD   151.00    8.00   Hubble        0.101  -23.100   0.200 -26.358   0.114   18000.0  4500.0   48         215.80   11.60    3.30    0.50   11.155    0.068    9.82    0.10    0.00    9.69    0.00
NGC5982          nid             15.6443806   59.3558889  E3      41.47    2.70   SBF           0.059  -22.020   0.200 -24.944   0.101    1497.0   202.0   92         238.90    4.90    4.79    0.31   11.406    0.030    8.67    0.05    -9999      -9999      -9999  
UGC-9958       A2107-BCG         15.6608126   21.7831069  E/cD   180.60    9.00   Hubble        0.159  -23.300   0.400 -26.393   0.108   27000.0 13000.0   43a/46a    295.20   14.30   37.10    4.00   12.478    0.050   10.01    0.17    -9999      -9999      -9999  
A2124-1        UGC-10012         15.7497222   36.1094444  E      284.20   19.90   Hubble        0.068  -23.500   0.200 -26.692   0.119   17900.0  4700.0   6          303.50   15.00    9.00    1.00   11.887    0.054    9.85    0.10    -9999      -9999      -9999  
A2147-1        UGC-10143         16.0380556   15.9747222  E      153.40   10.70   Hubble        0.086  -23.080   0.200 -25.706   0.107   13100.0  3300.0   6          277.70   16.50   23.36    1.63   12.224    0.045    9.68    0.10    -9999      -9999      -9999  
NGC6041A       A2151-1           16.0766111   17.7216667  S0     151.80   10.60   Hubble        0.119  -22.000   0.300 -25.949   0.106   19800.0  4900.0   6            -9999      -9999      -9999      -9999      -9999       -9999       9.79    0.10    -9999      -9999      -9999  
NGC6039        A2151-2           16.0776622   17.7009754  E/S0   150.60   10.50   Hubble        0.143  -22.080   0.240 -25.266   0.116    5030.0   300.0   6          202.00   11.60   12.32    0.86   11.670    0.044    9.20    0.03    -9999      -9999      -9999  
A2152-2        PGC57067          16.0906667   16.4427778  S0     136.40    9.60   Hubble        0.110  -21.420   0.200 -24.785   0.116    5100.0   340.0   6            -9999      -9999      -9999      -9999      -9999       -9999       9.17    0.03    -9999      -9999      -9999  
A2152-1        PGC57068          16.0914444   16.4358333  E      190.00   13.30   Hubble        0.110  -22.600   0.200 -25.716   0.108    7800.0  2060.0   6          304.20   25.80    2.35    0.30   11.306    0.070    9.43    0.10    -9999      -9999      -9999  
NGC6086        A2162-1           16.2098828   29.4844782  E      137.30    9.60   Hubble        0.124  -23.040   0.220 -25.729   0.105    9200.0  2500.0   7          334.40    9.50   16.23    1.13   12.228    0.034    9.53    0.10    9.56    0.16    0.16
ESO-137-18        nid            16.3497628  -60.4875927  Sasc     5.00    1.00   TRGB          0.667  -17.910   0.500 -18.551   0.124       7.0     3.0   37           -9999      -9999      1.02    0.10    -9999       -9999       6.12    0.15    -9999      -9999      -9999  
NGC6160        A2197-2           16.4613916   40.9260593  E      136.40    9.60   Hubble        0.016  -22.770   1.000 -25.897   0.107    4560.0  1080.0   7          251.20   10.60    -9999      -9999      -9999       -9999       9.20    0.09    -9999      -9999      -9999  
NGC6166        A2199-BCG         16.4773144   39.5513608  E/cD   130.40    9.10   Hubble        0.038  -23.700   0.270 -26.412   0.105   17000.0  4000.0   7          308.20    6.90   30.06    2.10   12.424    0.032    9.84    0.09    -9999      -9999      -9999  
NGC6173        A2197-1           16.4958098   40.8115694  E      125.80    8.80   Hubble        0.024  -23.410   0.280 -26.137   0.104    4600.0  2600.0   7          277.80   13.20   16.31    1.14   12.069    0.040    9.25    0.19    -9999      -9999      -9999  
NGC6384          nid             17.5400644    7.0603015  Sbc     25.94    4.54   TF            0.409  -22.060   0.420 -24.586   0.106      60.0    13.0   22         128.30    8.70   12.49    2.19   11.282    0.079    7.28    0.09    -9999      -9999      -9999  
NGC6482          nid             17.8635490   23.0719031  E       55.14    2.80   Hubble        0.328  -22.630   0.200 -25.371   0.101    1140.0    87.0   1a         309.80   11.70    -9999      -9999      -9999       -9999       8.59    0.03    -9999      -9999      -9999  
NGC6703          nid             18.7885588   45.5505326  E/S0    26.67    3.81   SBF           0.294  -21.100   0.440 -23.913   0.101     610.0   200.0   61         178.50    3.80    2.88    0.41   10.931    0.059    8.23    0.12    -9999      -9999      -9999  
NGC6822          nid             19.7491622  -14.8003417  Irr      0.52    0.05   Cepheids/RRL  0.659  -15.500   0.300 -16.927   0.110       7.0     1.0   52/100       -9999      -9999      -9999      -9999      -9999       -9999       6.02    0.15    -9999      -9999      -9999  
ESO-185-IG013        nid         19.7501465  -54.2508181  S       78.40    5.50   Hubble        0.149  -19.840   0.360 -21.607   0.149      20.0    10.0   1            -9999      -9999      -9999      -9999      -9999       -9999       6.67    0.18    -9999      -9999      -9999  
NGC6861          nid             20.1220790  -48.3702995  E/S0    28.05    5.06   SBF           0.180  -21.310   0.530 -24.551   0.101    1860.0   600.0   61         414.00   20.00    2.64    0.48   11.624    0.077    8.73    0.12    0.00    9.15    0.00
NGC6946          nid             20.5812748   60.1537739  SABc     6.08    0.62   PNLF          1.133  -21.240   0.330 -23.673   0.106      90.0    40.0   16           -9999      -9999      5.33    0.54    -9999       -9999       7.41    0.16    -9999      -9999      -9999  
NGC7014          nid             21.1311540  -47.1790166  E       49.46    3.40   SBF           0.109  -21.190   0.200 -24.332   0.103    1634.0    88.0   74         294.50    9.10    5.57    0.38   11.652    0.034    8.66    0.02    -9999      -9999      -9999  
NGC7049          nid             21.3164289  -48.5629004  S0      29.92    3.19   SBF           0.180  -21.890   0.270 -25.153   0.102    2700.0   800.0   20         246.50    3.90    4.62    0.49   11.417    0.045    8.92    0.11    -9999      -9999      -9999  
NGC7173          nid             22.0342610  -31.9737228  E       31.33    2.87   SBF           0.088  -20.540   0.330 -23.532   0.103     400.0    30.0   18         203.90    4.80    4.54    0.42   11.245    0.041    8.01    0.03    -9999      -9999      -9999  
IC5176          nid              22.2488373  -66.8493944  Sc      23.51    4.10   TF            0.085  -20.630   0.200 -23.126   0.104     132.0    25.0   39           -9999      -9999      2.22    0.39    -9999       -9999       7.54    0.08    -9999      -9999      -9999  
NGC7331          nid             22.6178186   34.4156195  Sbc     15.07    0.71   Cepheids      0.301  -21.710   0.200 -24.895   0.102     210.0   130.0   82         137.20    3.50    6.22    0.29   11.037    0.025    7.80    0.21    0.00    8.20    0.00
NGC7332          nid             22.6234762   23.7982595  S0      23.01    2.22   SBF           0.124  -20.830   0.250 -23.811   0.101     175.0    15.0   33/100a    124.90    3.30    1.64    0.16   10.376    0.043    7.67    0.04    7.11    0.17    0.21
NGC7339          nid             22.6297367   23.7867242  Sbc     23.10    2.22   TF            0.123  -20.390   0.250 -23.269   0.102      75.0    10.0   100a         -9999      -9999      -9999      -9999      -9999       -9999       7.28    0.05    -9999      -9999      -9999  
IC1459          nid              22.9529445  -36.4621765  E       29.24    4.02   SBF           0.043  -22.040   0.200 -25.530   0.103    2100.0   730.0   60         306.10    7.80    4.95    0.68   11.635    0.058    8.82    0.13    9.45    0.14    0.25
NGC7457          nid             23.0166472   30.1448889  S0      13.24    1.34   SBF           0.172  -19.580   0.250 -22.436   0.103     160.0    50.0   17/19/42    67.00    3.00    2.06    0.21    9.935    0.049    7.56    0.12    7.00    0.20    0.40
NGC7626          nid             23.3451444    8.2170556  E       47.42    2.24   SBF           0.240  -22.510   0.200 -25.374   0.102    2833.0   300.0   92         271.30    4.40    8.89    0.42   11.784    0.022    8.98    0.04    0.00    8.91    0.00
NGC7720        A2634-1           23.6415185   27.0316622  E      124.50    8.70   Hubble        0.228  -23.350   0.350 -26.225   0.105   18000.0  4600.0   7/48       359.10   10.70   18.53    1.29   12.347    0.034    9.84    0.10    -9999      -9999      -9999  
